 6.50000  0.00000 1.000000
 6.31380  1.25590 1.000000
 5.88973  2.43961 1.000000
 5.24865  3.50704 1.000000
 4.41941  4.41943 1.000000
 3.43758  5.14473 1.000000
 2.34392  5.65877 1.000000
 1.18272  5.94601 1.000000
-0.00002  6.00000 1.000000
-1.15837  5.82341 1.000000
-2.24829  5.42778 1.000000
-3.22928  4.83290 1.000000
-4.06589  4.06584 1.000000
-4.72900  3.15978 1.000000
-5.19684  2.15256 1.000000
-5.45563  1.08515 1.000000
-5.50000 -0.00004 1.000000
-5.33301 -1.06085 1.000000
-4.96584 -2.05696 1.000000
-4.41716 -2.95151 1.000000
-3.71228 -3.71234 1.000000
-2.88198 -4.31328 1.000000
-1.96120 -4.73490 1.000000
-0.98759 -4.96524 1.000000
 0.00006 -5.00000 1.000000
 0.96331 -4.84262 1.000000
 1.86564 -4.50389 1.000000
 2.67373 -4.00141 1.000000
 3.35880 -3.35871 1.000000
 3.89755 -2.60418 1.000000
 4.27297 -1.76985 1.000000
 4.47485 -0.89004 1.000000
 4.50000  0.00007 1.000000
 4.35222  0.86578 1.000000
 4.04195  1.67430 1.000000
 3.58567  2.39595 1.000000
 3.00515  3.00525 1.000000
 2.32639  3.48182 1.000000
 1.57850  3.81103 1.000000
 0.79248  3.98445 1.000000
-0.00007  4.00000 1.000000
-0.76824  3.86183 1.000000
-1.48297  3.58000 1.000000
-2.11817  3.16994 1.000000
-2.65170  2.65160 1.000000
-3.06609  2.04860 1.000000
-3.34909  1.38716 1.000000
-3.49406  0.69493 1.000000
-3.50000 -0.00008 1.000000
-3.37143 -0.67070 1.000000
-3.11806 -1.29163 1.000000
-2.75420 -1.84039 1.000000
-2.29804 -2.29815 1.000000
-1.77082 -2.65035 1.000000
-1.19581 -2.88715 1.000000
-0.59739 -3.00367 1.000000
 0.00008 -3.00000 1.000000
 0.57315 -2.88104 1.000000
 1.10029 -2.65612 1.000000
 1.56260 -2.33847 1.000000
 1.94460 -1.94449 1.000000
 2.23462 -1.49303 1.000000
 2.42521 -1.00447 1.000000
 2.51328 -0.49985 1.000000
 2.50000  0.00007 1.000000
 2.39065  0.47560 1.000000
 2.19419  0.90894 1.000000
 1.92273  1.28482 1.000000
 1.59094  1.59104 1.000000
 1.21525  1.81888 1.000000
 0.81314  1.96327 1.000000
 0.40231  2.02288 1.000000
-0.00007  2.00000 1.000000
-0.37805  1.90026 1.000000
-0.71759  1.73225 1.000000
-1.00702  1.50700 1.000000
-1.23748  1.23739 1.000000
-1.40314  0.93748 1.000000
-1.50133  0.62181 1.000000
-1.53249  0.30477 1.000000
-1.50000 -0.00006 1.000000
-1.40987 -0.28049 1.000000
-1.27031 -0.52624 1.000000
-1.09128 -0.72923 1.000000
-0.88385 -0.88392 1.000000
-0.65970 -0.98740 1.000000
-0.43048 -1.03938 1.000000
-0.20724 -1.04209 1.000000
 0.00004 -1.00000 1.000000
 0.18293 -0.91948 1.000000
 0.33488 -0.80838 1.000000
 0.45143 -0.67555 1.000000
 0.53035 -0.53031 1.000000
 0.57165 -0.38193 1.000000
 0.57744 -0.23915 1.000000
 0.55170 -0.10971 1.000000
 0.50000  0.00002 1.000000
-6.50000 -0.00000 0.000000
-6.43760 -0.63405 0.000000
-6.31380 -1.25590 0.000000
-6.13040 -1.85964 0.000000
-5.88973 -2.43961 0.000000
-5.59468 -2.99043 0.000000
-5.24865 -3.50704 0.000000
-4.85547 -3.98479 0.000000
-4.41941 -4.41943 0.000000
-3.94512 -4.80717 0.000000
-3.43758 -5.14473 0.000000
-2.90202 -5.42934 0.000000
-2.34392 -5.65877 0.000000
-1.76890 -5.83136 0.000000
-1.18272 -5.94601 0.000000
-0.59115 -6.00221 0.000000
 0.00002 -6.00000 0.000000
 0.58506 -5.94001 0.000000
 1.15837 -5.82341 0.000000
 1.71452 -5.65192 0.000000
 2.24829 -5.42778 0.000000
 2.75475 -5.15371 0.000000
 3.22928 -4.83290 0.000000
 3.66761 -4.46895 0.000000
 4.06589 -4.06584 0.000000
 4.42067 -3.62791 0.000000
 4.72900 -3.15978 0.000000
 4.98838 -2.66631 0.000000
 5.19684 -2.15256 0.000000
 5.35290 -1.62374 0.000000
 5.45563 -1.08515 0.000000
 5.50462 -0.54212 0.000000
 5.50000  0.00004 0.000000
 5.44241  0.53607 0.000000
 5.33301  1.06085 0.000000
 5.17345  1.56939 0.000000
 4.96584  2.05696 0.000000
 4.71275  2.51907 0.000000
 4.41716  2.95151 0.000000
 4.08243  3.35043 0.000000
 3.71228  3.71234 0.000000
 3.31070  4.03418 0.000000
 2.88198  4.31328 0.000000
 2.43059  4.54743 0.000000
 1.96120  4.73490 0.000000
 1.47859  4.87443 0.000000
 0.98759  4.96524 0.000000
 0.49309  5.00703 0.000000
-0.00006  5.00000 0.000000
-0.48708  4.94482 0.000000
-0.96331  4.84262 0.000000
-1.42426  4.69497 0.000000
-1.86564  4.50389 0.000000
-2.28338  4.27178 0.000000
-2.67373  4.00141 0.000000
-3.03324  3.69592 0.000000
-3.35880  3.35871 0.000000
-3.64768  2.99350 0.000000
-3.89755  2.60418 0.000000
-4.10648  2.19489 0.000000
-4.27297  1.76985 0.000000
-4.39596  1.33343 0.000000
-4.47485  0.89004 0.000000
-4.50944  0.44407 0.000000
-4.50000 -0.00007 0.000000
-4.44723 -0.43808 0.000000
-4.35222 -0.86578 0.000000
-4.21650 -1.27913 0.000000
-4.04195 -1.67430 0.000000
-3.83081 -2.04769 0.000000
-3.58567 -2.39595 0.000000
-3.30941 -2.71605 0.000000
-3.00515 -3.00525 0.000000
-2.67629 -3.26118 0.000000
-2.32639 -3.48182 0.000000
-1.95918 -3.66552 0.000000
-1.57850 -3.81103 0.000000
-1.18828 -3.91750 0.000000
-0.79248 -3.98445 0.000000
-0.39506 -4.01185 0.000000
 0.00007 -4.00000 0.000000
 0.38908 -3.94963 0.000000
 0.76824 -3.86183 0.000000
 1.13400 -3.73803 0.000000
 1.48297 -3.58000 0.000000
 1.81200 -3.38985 0.000000
 2.11817 -3.16994 0.000000
 2.39886 -2.92290 0.000000
 2.65170 -2.65160 0.000000
 2.87468 -2.35909 0.000000
 3.06609 -2.04860 0.000000
 3.22456 -1.72348 0.000000
 3.34909 -1.38716 0.000000
 3.43903 -1.04314 0.000000
 3.49406 -0.69493 0.000000
 3.51425 -0.34605 0.000000
 3.50000  0.00008 0.000000
 3.45204  0.34007 0.000000
 3.37143  0.67070 0.000000
 3.25956  0.98886 0.000000
 3.11806  1.29163 0.000000
 2.94889  1.57630 0.000000
 2.75420  1.84039 0.000000
 2.53639  2.08166 0.000000
 2.29804  2.29815 0.000000
 2.04189  2.48818 0.000000
 1.77082  2.65035 0.000000
 1.48778  2.78360 0.000000
 1.19581  2.88715 0.000000
 0.89799  2.96056 0.000000
 0.59739  3.00367 0.000000
 0.29704  3.01666 0.000000
-0.00008  3.00000 0.000000
-0.29107  2.95445 0.000000
-0.57315  2.88104 0.000000
-0.84371  2.78109 0.000000
-1.10029  2.65612 0.000000
-1.34060  2.50793 0.000000
-1.56260  2.33847 0.000000
-1.76447  2.14989 0.000000
-1.94460  1.94449 0.000000
-2.10167  1.72470 0.000000
-2.23462  1.49303 0.000000
-2.34264  1.25208 0.000000
-2.42521  1.00447 0.000000
-2.48209  0.75285 0.000000
-2.51328  0.49985 0.000000
-2.51907  0.24803 0.000000
-2.50000 -0.00007 0.000000
-2.45686 -0.24205 0.000000
-2.39065 -0.47560 0.000000
-2.30262 -0.69857 0.000000
-2.19419 -0.90894 0.000000
-2.06697 -1.10490 0.000000
-1.92273 -1.28482 0.000000
-1.76339 -1.44726 0.000000
-1.59094 -1.59104 0.000000
-1.40751 -1.71516 0.000000
-1.21525 -1.81888 0.000000
-1.01639 -1.90168 0.000000
-0.81314 -1.96327 0.000000
-0.60772 -2.00361 0.000000
-0.40231 -2.02288 0.000000
-0.19903 -2.02148 0.000000
 0.00007 -2.00000 0.000000
 0.19304 -1.95926 0.000000
 0.37805 -1.90026 0.000000
 0.55342 -1.82415 0.000000
 0.71759 -1.73225 0.000000
 0.86919 -1.62601 0.000000
 1.00702 -1.50700 0.000000
 1.13006 -1.37689 0.000000
 1.23748 -1.23739 0.000000
 1.32865 -1.09032 0.000000
 1.40314 -0.93748 0.000000
 1.46071 -0.78070 0.000000
 1.50133 -0.62181 0.000000
 1.52514 -0.46259 0.000000
 1.53249 -0.30477 0.000000
 1.52388 -0.15003 0.000000
 1.50000  0.00006 0.000000
 1.46167  0.14402 0.000000
 1.40987  0.28049 0.000000
 1.34568  0.40826 0.000000
 1.27031  0.52624 0.000000
 1.18506  0.63348 0.000000
 1.09128  0.72923 0.000000
 0.99039  0.81285 0.000000
 0.88385  0.88392 0.000000
 0.77313  0.94214 0.000000
 0.65970  0.98740 0.000000
 0.54501  1.01974 0.000000
 0.43048  1.03938 0.000000
 0.31746  1.04667 0.000000
 0.20724  1.04209 0.000000
 0.10104  1.02629 0.000000
-0.00004  1.00000 0.000000
-0.09499  0.96408 0.000000
-0.18293  0.91948 0.000000
-0.26311  0.86722 0.000000
-0.33488  0.80838 0.000000
-0.39777  0.74410 0.000000
-0.45143  0.67555 0.000000
-0.49565  0.60389 0.000000
-0.53035  0.53031 0.000000
-0.55562  0.45595 0.000000
-0.57165  0.38193 0.000000
-0.57877  0.30933 0.000000
-0.57744  0.23915 0.000000
-0.56819  0.17233 0.000000
-0.55170  0.10971 0.000000
-0.52869  0.05205 0.000000
-0.50000 -0.00002 0.000000
